20220527T113837_jpg.rf.df331b87daa08a64a00824055deb918a.jpg
20220526T184534_jpg.rf.55f81dac35d3ef1ce0879005cb719ed0.jpg 408,543,472,579,17 288,355,338,451,1 362,342,428,472,2 422,355,460,481,13
20220527T123823_jpg.rf.2822195cdb73f4e8a0543eb785f58277.jpg
20220526T184830_jpg.rf.ff642ad3a493b96eb94b1014435ad3c8.jpg
20220527T114752_jpg.rf.f6aecb480838bee8eb28b163b18beadc.jpg 227,284,319,371,17
20220527T131832_jpg.rf.a93888bd202ad3f2d9c5d067cbab4f04.jpg
20220527T134032_jpg.rf.de8192eb70a07cd2e88527261db5c07a.jpg
20220527T122412_jpg.rf.182e86d24c7c3b11bf70dd67728f2bf9.jpg 322,389,478,471,8 544,451,622,514,8
20220527T131228_jpg.rf.2442523807c884c158ff2ec900ef5300.jpg
20220527T114957_jpg.rf.b668a6a73c023364a920f9004bc223e5.jpg
20220527T115303_jpg.rf.39ed07209d11482d5b828c9e8b4a3218.jpg 503,229,529,280,3 531,288,572,348,3 456,269,507,335,3
20220527T113753_jpg.rf.3845ef117859b158bef7a653d49a034d.jpg 425,169,495,233,6
20220527T115236_jpg.rf.20922dbe30015f99826c59f18c69891b.jpg 104,438,188,510,6
20220527T113741_jpg.rf.0c15e1a78856d9e0a80edceb309dad39.jpg 304,262,457,384,15 445,144,551,336,15 542,327,639,465,17
20220526T184942_jpg.rf.cf1a8eb78a642a97917b421d4d49ac74.jpg 185,173,299,309,13
20220527T132045_jpg.rf.e88ca4b565c2778b5a773e6747accc95.jpg
20220526T185223_jpg.rf.2f00132792fecebaf6e034dfb0814a16.jpg 338,423,424,497,2 330,480,419,558,2 440,379,477,449,2 383,416,474,502,1 336,288,450,370,2
20220527T115745_jpg.rf.cd986953a2a0cae5bccd74199131b8bc.jpg
20220527T115111_jpg.rf.40a4af3d8fbb11f7399e272b43cde43b.jpg 300,160,362,235,6 356,166,408,223,6 421,370,475,412,15 421,413,471,449,15 359,408,401,442,15
20220526T185133_jpg.rf.b044e83fd2d1aab41c87d7ec45b2928c.jpg 110,430,183,487,17 201,425,247,461,17
20220526T184430_jpg.rf.7de6fbb8c9c598608457d471c47fb305.jpg 364,271,451,359,2 392,122,448,205,1 456,117,522,201,2 518,212,638,298,2
20220527T115229_jpg.rf.7ddff6da1461e142fdeba396e985e370.jpg 265,253,331,317,6 363,297,430,361,6
20220427T175200_jpg.rf.6266312ba24c07f03f268bf84f84140c.jpg 500,273,570,350,17 433,345,597,495,8 397,252,429,338,17 368,420,493,507,10 398,530,513,593,10 566,356,636,464,17 331,315,427,429,8
20220427T174638_jpg.rf.b71d4af5207bc989b35f8e473e1a9140.jpg 429,468,487,532,13 230,473,289,539,13 392,354,466,410,13 278,486,336,552,13 382,492,465,574,13 467,479,555,567,13
20220427T174046_jpg.rf.779af17ab7d4ff6ee2777b8296ac3fa8.jpg 344,423,384,479,17 130,458,156,521,3 313,381,379,425,17 415,212,465,262,17 393,156,425,190,17 288,197,353,249,17 223,401,307,455,15 297,314,418,386,7 377,367,435,441,7 277,129,370,198,3 113,224,239,296,10 20,310,193,472,10 241,268,269,314,15 292,284,328,328,15 152,344,184,390,9 100,330,154,356,9 133,354,153,400,9
20220527T114658_jpg.rf.b41f8539a3c304db4cbb948bb86403ba.jpg
20220427T175147_jpg.rf.ad35c5a3972b217f411c09ca814f84a0.jpg 470,216,564,324,11 477,248,639,369,10
20220527T113726_jpg.rf.b1042ba9071766044aab783b08274857.jpg 86,333,224,576,5 485,373,555,573,5
20220526T183844_jpg.rf.6e5ecea9f87b1fe30bbf89550df009ec.jpg 36,353,152,498,17 414,375,440,422,3 24,247,114,337,1 299,154,387,204,2 461,376,638,524,15
20220527T115255_jpg.rf.80065356854b6200a480a2e3329242ca.jpg
20220526T185112_jpg.rf.25a8d9c3d9e6ba1582aea47a1724db0e.jpg 487,323,535,361,17 408,300,450,330,17 386,266,424,302,17
20220527T133230_jpg.rf.871bb39d6ad83c3ef17a39be6f75d351.jpg
20220527T114919_jpg.rf.76839fbb1248c020d1e2fd73559dae1b.jpg
20220527T115656_jpg.rf.646aac1171d5037e3cf91b125c12ee90.jpg 365,215,507,369,11 169,394,249,478,8
20220527T121648_jpg.rf.b3c4180d4dcc1c238ffc1a4a7ca28202.jpg
20220527T113720_jpg.rf.b883057543c2bcd4eac3b1a14bef4fba.jpg 302,184,354,223,2 190,210,252,274,2 422,309,458,364,2 206,143,294,205,17 284,125,358,176,17 383,164,448,262,17 245,339,353,407,2 331,253,429,349,1 297,221,359,297,2 216,278,284,342,6 276,279,344,343,6
20220527T114612_jpg.rf.c509e01213fb4d9313b080a9f029f017.jpg
20220527T115225_jpg.rf.339936d0b89eb7270c6c6ca85b92b162.jpg
20220526T184820_jpg.rf.d02d65d4ffbcda53442f1aa822d5ebfb.jpg
20220526T185125_jpg.rf.5bb4e2d9e49ba2394d12e3de85e64d62.jpg 406,285,474,363,17 497,480,637,576,11 526,336,598,420,17 309,483,335,519,17
20220527T125757_jpg.rf.2de5a8b0fd3516dce56d1ce652c16b66.jpg
20220527T131355_jpg.rf.902c25ab49f51e2ad83d2491e91ca8ef.jpg
20220526T184959_jpg.rf.bd966246e176be63cd03fb7a0ca8f755.jpg 416,291,492,377,17 524,270,574,342,17 494,354,560,411,17 451,343,527,405,4
20220527T114048_jpg.rf.9fa9d2e03502d6d4f83d9b6ffa3fb714.jpg
20220527T115942_jpg.rf.7962110aaa0b9162f9fbffd8bf44b79a.jpg
20220527T115413_jpg.rf.652709f395c5efa64f85b4d037af7330.jpg
20220526T185207_jpg.rf.8b36d2c1ec06adc39b90b0bc67d2b713.jpg
20220527T120139_jpg.rf.d928f5767803319283d420b562727f59.jpg
20220527T125915_jpg.rf.2c45dbf0765b35c0d2ee5e83a9c3bc81.jpg
20220526T183949_jpg.rf.33187ffb1752670775e6cd7e01d2e7d3.jpg 181,274,210,318,17 347,468,558,572,4 321,289,565,485,2