13 0.7078125 0.34921875 0.11171875 0.1578125
13 0.6125 0.21328125 0.19453125 0.0890625
13 0.4703125 0.271875 0.17578125 0.08984375
13 0.490625 0.3359375 0.11171875 0.17890625
13 0.52578125 0.4625 0.10625 0.19453125
13 0.540625 0.34375 0.17421875 0.1421875
13 0.63984375 0.3125 0.121875 0.14765625
13 0.59296875 0.396875 0.1078125 0.13671875
17 0.55625 0.6078125 0.13984375 0.1171875
6 0.4375 0.7734375 0.11015625 0.11484375
6 0.86484375 0.6078125 0.0640625 0.07265625
6 0.7921875 0.5609375 0.07734375 0.0765625
6 0.8296875 0.50703125 0.06640625 0.078125